םילוע םידרוי םילוע םידרוי םילוע םידרוי םילוע
2015/Jan 2015/Jan 2015/Feb 2015/Feb 2015/Mar 2015/Mar 2015 Q 1
םייח תיירק 20,856 11,226 18,533 9,499 24,571 12,213 63,961
ןיקצומ תיירק 103,504 73,404 94,749 67,971 118,295 80,637 316,548
ראב - זכרמ עבש 118,560 98,882 105,023 90,663 123,274 107,619 346,857
ראב - ןופצ עבש 61,863 51,595 56,710 48,956 69,912 61,034 188,485
סדרפ הירסיק - הנח 41,969 35,585 37,510 32,259 43,638 38,702 123,117
תיירק - תג 39,603 33,149 36,423 31,336 44,710 37,659 120,736
ראב - בקעי 16,507 16,447 16,629 14,140 22,340 16,122 55,476
קרב ינב 19,971 54,410 18,393 50,911 21,891 63,113 60,254
הנימינב 135,568 108,613 125,039 101,062 147,081 120,131 407,688
הנומיד 163 867 264 775 225 864 652
תיב - עשוהי 103,200 70,191 91,129 63,900 110,909 77,740 305,238
תיב - שמש 46,550 31,929 43,795 31,509 54,364 36,606 144,709
היילצרה 78,995 122,138 70,967 112,353 90,757 137,759 240,720
ןולקשא 89,671 73,841 85,933 59,881 103,193 73,320 278,797
דע דודשא - םולה 109,224 76,817 100,531 68,097 126,041 84,510 335,795
ברעמ הרדח 91,938 71,475 85,073 65,042 101,647 76,723 278,657
ץרפמה תוצוח 9,576 12,135 9,409 11,497 11,042 14,708 30,027
היירהנ 112,538 92,011 104,437 85,496 128,964 104,716 345,939
בתנ " ג 76,744 106,525 71,295 97,408 92,983 126,540 241,022
הינתנ 153,194 123,329 136,391 112,009 163,090 134,460 452,676
תוביתנ 9,550 7,512 26,908 18,400 36,457
חרזמ הנבי 24,892 17,121 22,895 16,654 27,470 19,068 75,258
בח רפכ " ד 11,578 12,381 10,876 11,798 11,940 12,809 34,394
ץרפמה בל 82,702 84,023 76,969 76,659 95,049 94,752 254,720
טהר םיבהל 13,240 13,946 12,866 12,019 15,525 15,642 41,632
שאר - םורד ןיעה 0
שאר - ןופצ ןיעה 63,255 42,516 57,848 37,203 68,640 44,181 189,743
לשאר " םינושארה צ 31,530 24,640 29,178 20,839 35,807 25,914 96,515
תובוחר 146,566 142,861 129,961 123,647 160,596 148,593 437,123
וכע 103,142 82,508 95,241 77,539 115,521 93,321 313,904
תילתע 4,825 9,361 4,403 8,406 3,984 10,781 13,212
תורדש 72,655 13,259 36,858 20,485 30,871 22,181 140,384
תב - תויממוק םי 30,777 17,431 27,308 16,408 36,558 19,665 94,643
תב - לטפסוי םי 60,623 36,766 55,833 34,986 70,516 41,531 186,972
ברעמ הנבי 45,086 36,756 41,185 35,802 50,616 41,719 136,887
לשאר " השמ צ - ןייד 78,549 62,966 67,493 47,516 84,583 58,218 230,625
ןוספלוו ןולוח 22,900 20,861 20,807 19,828 27,536 22,705 71,243
ןולוח תמוצ 12,682 12,486 11,009 12,365 14,269 15,381 37,961
תב הפיח - םילג 69,164 74,644 64,711 68,269 77,222 80,507 211,098
ףוח הפיח - למרכה 169,136 182,536 156,140 164,725 195,904 204,238 521,180
חרזמ הפיח
0 0 0
0
הנומשה זכרמ הפיח 58,806 63,465 53,625 56,574 66,939 69,786 179,370
ןג םילשורי - תויחה 20 384 26 594 201 1,968 247
החלמ םילשורי 14,816 18,895 14,323 18,632 17,257 23,649 46,395
דוה - בולוקוס ןורשה 49,576 29,824 45,967 26,856 56,173 32,338 151,715
רפכ - ואדרונ אבס 70,606 37,519 62,529 35,151 75,313 42,245 208,447
דול 111,424 96,252 102,848 90,398 122,692 108,083 336,964
ינג דול - ביבא 23,329 17,587 21,886 15,520 27,984 19,157 73,199
הלמר 29,809 25,812 28,783 24,124 33,279 29,498 91,871
זכרמ ןיעידומ 79,877 60,494 72,287 53,785 89,837 64,582 242,001
ןיעידומ יתאפ 17,318 5,664 15,716 5,047 19,427 6,440 52,462
םיחקפ 0
הירא תיירק 52,301 43,572 46,791 40,297 57,627 47,033 156,719
חתפ - הלוגס הווקת 37,856 26,298 34,725 23,949 42,208 27,965 114,789
ת " הנגהה א 165,188 228,447 153,666 208,921 188,164 259,245 507,018
ת " הטיסרבינוא א 168,460 232,971 148,616 202,055 204,008 281,076 521,084
ת " םולשה א 328,252 453,955 303,114 412,109 358,188 493,499 989,554
ת " זכרמ רודיבס א 491,782 680,107 452,736 615,531 546,241 752,592 1,490,758
Total 4,172,916 4,172,877 3,797,004 3,796,967 4,653,980 4,653,942 12,623,900
20/04/2015 - 1-  - 1-  09:31:26
םידרוי
2015 Q 1
32,938
222,012
297,165
161,585
106,547
102,145
46,710
168,434
329,806
2,506
211,831
100,044
372,250
207,041
229,423
213,241
38,340
282,223
330,472
369,798
25,912
52,844
36,988
255,434
41,607
0
123,900
71,394
415,100
253,369
28,548
55,925
53,504
113,283
114,277
168,700
63,395
40,231
223,421
551,500
0
189,825
2,946
61,176
89,018
114,915
294,733
52,264
79,434
178,861
17,150
0
130,903
78,211
696,613
716,102
1,359,563
2,048,230
12,623,786
09:33:03